
# Line 1 Voltage Current Monitor (Single Phase)
Channel 1: 1386.6686
Channel 2: -2.227923e-05
Channel 3: 0.73482895
Channel 4: -90.003136

Channel 1 - Voltage Magnitude
Channel 2 - Voltage Angle
Channel 3 - Current Magnitude
Channel 4 - Current Angle

# Line 1 power Monitor (Single Phase)
Channel 1: 1.0189643
Channel 2: 90.0013

Channel 1 - Apparent Power Magnitude
Channel 2 - Power Angle

# RESULTS

# LDF

node           V            P           Q
0 1386.666667     0.000000    0.000000
1 1386.666503     0.000000    0.000000
2 1381.433922  2213.855021 1107.259672
3 1378.778228   235.360437  117.662567
4 1377.440111     0.000000    0.000000
5 1377.587661   357.952240  178.949275

from  to        r        x        p_flow       q_flow     i_flow    v_drop
0   1 0.000001 0.000001 144761.253448 81761.970280 120.527760 -0.000163
1   2 0.023200 0.047500 144761.253448 81761.970280 120.527774 -5.232581
2   3 0.044100 0.044700    235.360437 81761.970280  59.499462 -2.655694
2   4 0.062900 0.063800   4654.961849 81761.970280  59.595239 -3.993811
2   5 0.017400 0.035600 137657.076141 81761.970280 116.520854 -3.846262
4   6 0.050300 0.051000   3270.211611  2328.075451   2.922233 -0.205631
4   7 0.081800 0.082900   1384.750238  2328.075451   1.975095 -0.222365
5   9 0.011600 0.023800 137299.123900 78208.972590 115.319994 -2.509599

# DF (OpenDSS)

node          V            P           Q
0 800.592773     0.000000    0.000000
1 800.592773     0.000000    0.000000
2 800.612793  2213.855021 1107.259672
3 800.612915   235.360437  117.662567
4 800.613586     0.000000    0.000000
5 800.627136   357.952240  178.949275

from  to        r        x        p_flow        q_flow       i_flow    v_drop
0   1 0.000001 0.000001  1.531345e+02 -3.031744e+02 4.242532e-01  0.000000
1   2 0.023200 0.047500  1.517234e+02 -3.008768e+02 4.208865e-01 -0.020020
2   3 0.044100 0.044700  2.051340e-09 -1.834690e-10 2.572439e-12 -0.000122
2   4 0.062900 0.063800  3.623473e+00 -7.229279e+00 1.010042e-02 -0.000793
2   5 0.017400 0.035600  1.443346e+02 -2.864961e+02 4.006856e-01 -0.014343
4   6 0.050300 0.051000  1.027395e-09 -2.416023e-09 3.279230e-12 -0.000061
4   7 0.081800 0.082900  1.207788e+00 -2.409780e+00 3.366807e-03 -0.000427
5   9 0.011600 0.023800  1.430346e+02 -2.841369e+02 3.973188e-01 -0.009521

# RESULTS SCALED

# LDF

node           V            P           Q
0 1386.666667     0.000000    0.000000
1 1386.666503     0.000000    0.000000
2 1381.433922  2213.855021 1107.259672
3 1378.778228   235.360437  117.662567
4 1377.440111     0.000000    0.000000
5 1377.587661   357.952240  178.949275

from  to        r        x        p_flow       q_flow     i_flow    v_drop
0   1 0.000001 0.000001 144761.253448 81761.970280 120.527760 -0.000163
1   2 0.023200 0.047500 144761.253448 81761.970280 120.527774 -5.232581
2   3 0.044100 0.044700    235.360437 81761.970280  59.499462 -2.655694
2   4 0.062900 0.063800   4654.961849 81761.970280  59.595239 -3.993811
2   5 0.017400 0.035600 137657.076141 81761.970280 116.520854 -3.846262
4   6 0.050300 0.051000   3270.211611  2328.075451   2.922233 -0.205631
4   7 0.081800 0.082900   1384.750238  2328.075451   1.975095 -0.222365
5   9 0.011600 0.023800 137299.123900 78208.972590 115.319994 -2.509599

# DF (OpenDSS)

node          V            P            Q
0 800.592773     0.000000     0.000000
1 800.592773     0.000000     0.000000
2 800.612793  3010.684202  1505.793817
3 800.612915   535.446625   267.683156
4 800.613586     0.000000     0.000000
5 800.627136   461.675743   230.803248

from  to        r        x        p_flow        q_flow       i_flow     v_drop
0   1 0.000001 0.000001  1.531345e+05 -3.031744e+05 4.242532e+02   0.000000
1   2 0.023200 0.047500  1.517234e+05 -3.008768e+05 4.208865e+02 -20.019531
2   3 0.044100 0.044700  2.051340e-06 -1.834690e-07 2.572439e-09  -0.122070
2   4 0.062900 0.063800  3.623473e+03 -7.229278e+03 1.010042e+01  -0.793457
2   5 0.017400 0.035600  1.443346e+05 -2.864961e+05 4.006856e+02 -14.343262
4   6 0.050300 0.051000  1.027395e-06 -2.416023e-06 3.279230e-09  -0.061035
4   7 0.081800 0.082900  1.207788e+03 -2.409780e+03 3.366807e+00  -0.427246
5   9 0.011600 0.023800  1.430346e+05 -2.841369e+05 3.973188e+02  -9.521484